
[gd_scene load_steps=4 format=3 uid="uid://dqo6f1s4d7vtj"]


[ext_resource type="PackedScene" uid="uid://c0fscew8ib3m" path="res://Player/Model/FBX/Robot.fbx" id="1_kr6vp"]
[ext_resource type="Script" path="res://Player/Model/robot.gd" id="2_aj8f8"]

[node name="Robot" instance=ExtResource("1_kr6vp")]
script = ExtResource("2_aj8f8")

[node name="Skeleton3D" parent="RobotArmature" index="0"]
bones/1/rotation = Quaternion(2.92124e-08, 0.69555, 0.718478, 1.57053e-07)
bones/6/position = Vector3(-6.1515e-06, -0.000289724, -0.000338015)
bones/6/rotation = Quaternion(-0.118955, -2.6579e-07, -5.33847e-08, 0.9929)
bones/6/scale = Vector3(1, 1, 1)
bones/7/position = Vector3(8.89879e-14, 0.000986376, -7.50009e-11)
bones/7/rotation = Quaternion(0.115165, 4.35136e-07, 7.13079e-08, 0.993346)
bones/8/position = Vector3(-1.02438e-16, 0.00145375, 9.62548e-11)
bones/8/rotation = Quaternion(0.0582749, -8.30918e-07, 1.30328e-08, 0.998301)
bones/8/scale = Vector3(1, 1, 1)
bones/9/position = Vector3(8.51306e-17, 0.00175226, 1.19859e-10)
bones/9/rotation = Quaternion(-0.0433809, -0.0141813, 0.0282903, 0.998557)

bones/10/position = Vector3(3.31784e-12, 0.000929598, -7.33416e-12)
bones/10/rotation = Quaternion(-0.0309211, -0.00285618, -0.00128305, 0.999517)
bones/10/scale = Vector3(1, 1, 1)
bones/13/rotation = Quaternion(-0.0114497, -0.0532471, -0.9762, 0.209923)
bones/13/scale = Vector3(1, 1, 1)
bones/15/position = Vector3(-1.44238e-10, 0.000252108, -3.61356e-11)
bones/15/rotation = Quaternion(-0.0545858, -0.689887, 0.0692138, 0.718531)

bones/17/rotation = Quaternion(0.309992, 0.499337, -0.36494, 0.72207)
bones/19/rotation = Quaternion(-0.00442114, 0.023824, -0.552072, 0.833444)
bones/20/rotation = Quaternion(-0.0381108, 0.000934109, -0.699656, 0.713462)
bones/22/rotation = Quaternion(0.729874, 0.635342, 0.211089, 0.13808)
bones/23/rotation = Quaternion(-0.248974, 0.627184, 0.630886, -0.382928)

bones/26/rotation = Quaternion(0.0467354, -0.396111, -0.589061, 0.702794)
bones/26/scale = Vector3(1, 1, 1)
bones/27/position = Vector3(8.26991e-10, 0.000568099, 4.5203e-10)
bones/27/rotation = Quaternion(-0.0425872, -0.0183796, -0.699962, 0.712672)
bones/27/scale = Vector3(1, 1, 1)
bones/29/position = Vector3(-1.07464e-10, 0.0041046, -3.45006e-10)
bones/29/rotation = Quaternion(-0.335566, -0.336441, -0.18059, 0.861156)
bones/29/scale = Vector3(1, 1, 1)
bones/30/position = Vector3(5.65587e-10, 0.00127862, 1.44749e-09)
bones/30/rotation = Quaternion(-0.0680167, 0.483185, -0.584014, 0.648717)
bones/30/scale = Vector3(1, 1, 1)
bones/31/position = Vector3(1.41727e-09, 0.000568101, -9.10377e-10)
bones/31/rotation = Quaternion(-0.0425873, -0.0183795, -0.699962, 0.712672)
bones/31/scale = Vector3(1, 1, 1)
bones/33/rotation = Quaternion(-0.012289, 0.0530604, 0.972768, 0.225291)
bones/33/scale = Vector3(1, 1, 1)
bones/35/position = Vector3(-1.16804e-09, 0.000306534, -3.90713e-11)
bones/35/rotation = Quaternion(0.0435723, 0.80457, 0.0574779, 0.589462)

bones/37/rotation = Quaternion(0.0897255, -0.705058, 0.255014, 0.6556)

bones/39/rotation = Quaternion(-0.0436784, -0.0103278, 0.525089, 0.849863)
bones/39/scale = Vector3(1, 1, 1)
bones/40/position = Vector3(9.4027e-11, 0.000568102, -2.89506e-12)
bones/40/rotation = Quaternion(0.0348681, -0.0390055, 0.504719, 0.861697)
bones/40/scale = Vector3(1, 1, 1)
bones/42/position = Vector3(-0.000349092, 0.003807, 0.00051581)
bones/42/rotation = Quaternion(0.669465, -0.587013, -0.279996, 0.358935)
bones/42/scale = Vector3(1, 1, 1)
bones/43/position = Vector3(-3.88383e-11, 0.000410019, 3.79273e-10)
bones/43/rotation = Quaternion(-0.135572, 0.735133, 0.594621, -0.296016)
bones/43/scale = Vector3(1, 1, 1)
bones/45/position = Vector3(-2.44322e-10, 0.00413915, 4.97378e-11)
bones/45/rotation = Quaternion(-0.158437, 0.743061, 0.333882, 0.557925)
bones/45/scale = Vector3(1, 1, 1)
bones/46/position = Vector3(1.09619e-09, 0.00126728, 1.25019e-09)
bones/46/rotation = Quaternion(-0.504663, -0.573821, 0.135774, 0.630564)
bones/46/scale = Vector3(1, 1, 1)
bones/47/position = Vector3(1.47052e-11, 0.0005681, 5.91601e-10)
bones/47/rotation = Quaternion(-0.0418692, -0.0120427, 0.527238, 0.8486)

bones/49/rotation = Quaternion(-0.115108, 0.858055, -0.363121, -0.344435)

bones/50/rotation = Quaternion(0.575218, 0.552901, 0.116743, 0.591435)
bones/50/scale = Vector3(1, 1, 1)
bones/51/position = Vector3(9.00028e-11, 0.0005681, 9.80526e-11)
bones/51/rotation = Quaternion(0.138603, 0.024903, 0.427063, 0.893189)
bones/51/scale = Vector3(1, 1, 1)
bones/53/position = Vector3(0.00188474, 0.000288676, -0.000547683)
bones/53/rotation = Quaternion(0.985518, 0.0175863, -0.0842846, 0.146085)
bones/53/scale = Vector3(1, 1, 1.00002)

bones/55/rotation = Quaternion(0.277154, 1.31885e-07, -7.68165e-08, 0.960825)
bones/58/rotation = Quaternion(0.979527, -0.0257471, 0.137311, 0.144949)
bones/58/scale = Vector3(1, 1, 1.00002)
bones/60/rotation = Quaternion(0.277154, -3.05388e-07, 3.92564e-08, 0.960826)

bones/65/rotation = Quaternion(5.08964e-07, 0.69555, 0.718478, 6.19279e-07)
bones/65/scale = Vector3(1, 1, 1)

[node name="Foot_L_2" parent="RobotArmature/Skeleton3D" index="0"]
transform = Transform3D(1, 9.58672e-08, 6.3306e-08, -9.58669e-08, 1, 9.68575e-08, -6.33059e-08, -1.11759e-07, 1, 0.00187217, -0.000573343, 0.00119299)
bone_idx = 2

[node name="Torso" parent="RobotArmature/Skeleton3D" index="1"]
transform = Transform3D(1, 5.83782e-11, -5.8165e-11, -5.82077e-11, 1, 0, 5.82361e-11, 0, 1, -8.14691e-06, 5.87429e-05, 0.00662803)
bone_idx = 5

[node name="Head_2" parent="RobotArmature/Skeleton3D" index="2"]

transform = Transform3D(0.998071, 0.0405853, -0.0469698, -0.0377837, 0.997538, 0.0590701, 0.0492516, -0.0571814, 0.997148, -0.000156562, 3.40313e-06, 0.0109594)

bone_idx = 11

[node name="Shoulder_L_2" parent="RobotArmature/Skeleton3D" index="3"]
transform = Transform3D(0.434578, 1.41336e-07, 0.900634, 1.61999e-07, 1, -3.01661e-07, -0.900634, 2.13481e-07, 0.434578, 0.00174804, 6.29816e-05, 0.00722415)
bone_idx = 14

[node name="Arm_L" parent="RobotArmature/Skeleton3D" index="4"]
transform = Transform3D(0.435432, -0.00201488, 0.900219, 0.233061, 0.966156, -0.110568, -0.869529, 0.257951, 0.421165, 0.000795007, -0.000392084, 0.00865368)
bone_idx = 16

[node name="Shoulder_R_2" parent="RobotArmature/Skeleton3D" index="5"]
transform = Transform3D(0.448449, -2.76319e-08, -0.893808, -4.89475e-08, 1, -6.75743e-08, 0.893808, 5.81043e-08, 0.448449, -0.00191096, 6.29817e-05, 0.00722243)
bone_idx = 34

[node name="Arm_R" parent="RobotArmature/Skeleton3D" index="6"]

transform = Transform3D(0.101816, 8.56817e-08, -0.202931, 0.0178376, 0.226162, 0.0089497, 0.202145, -0.0199569, 0.101422, -0.00247707, -0.000120731, 0.00605435)

bone_idx = 36

[node name="Leg_L" parent="RobotArmature/Skeleton3D" index="7"]
transform = Transform3D(0.984221, -0.175534, -0.0223151, 0.176784, 0.980867, 0.0816354, 0.00755823, -0.0842991, 0.996414, 0.00193149, -8.61575e-05, 0.00356098)
bone_idx = 54

[node name="LowerLeg_L_2" parent="RobotArmature/Skeleton3D" index="8"]

transform = Transform3D(0.984156, -0.177236, 0.00489848, 0.177099, 0.981343, -0.0749503, 0.00847662, 0.0746204, 0.997179, 0.00205311, -0.000643798, 0.0011159)

bone_idx = 56

[node name="Leg_R" parent="RobotArmature/Skeleton3D" index="9"]
transform = Transform3D(0.962472, 0.267767, 0.0441128, -0.271059, 0.956433, 0.108366, -0.0131744, -0.11626, 0.993133, -0.00199966, -5.38366e-05, 0.00355302)
bone_idx = 59

[node name="LowerLeg_R_2" parent="RobotArmature/Skeleton3D" index="10"]

transform = Transform3D(0.962589, 0.270826, -0.00860232, -0.270697, 0.959726, -0.0750238, -0.0120626, 0.074534, 0.997149, -0.00219127, -0.000619199, 0.00111611)

bone_idx = 61

[node name="Foot_R_2" parent="RobotArmature/Skeleton3D" index="11"]
transform = Transform3D(1, 9.58669e-08, -3.48729e-08, -9.58671e-08, 1, -1.11759e-08, 3.48734e-08, 3.35276e-08, 1, -0.00191399, -0.000573344, 0.00119299)
bone_idx = 66
